9964,0,5.501,0.961,Pedestrian
9968,0,5.501,0.906,Pedestrian
9969,0,5.542,0.859,Pedestrian
9970,0,5.555,0.810,Pedestrian
9971,0,5.605,0.751,Pedestrian
9972,0,5.694,0.727,Pedestrian
9973,0,5.760,0.814,Pedestrian
9975,0,5.823,0.825,Pedestrian
9976,0,5.909,0.834,Pedestrian
9977,0,5.948,0.863,Pedestrian
9978,0,6.062,0.901,Pedestrian
9979,0,6.119,0.952,Pedestrian
9980,0,6.249,0.956,Pedestrian
9981,0,6.311,0.854,Pedestrian
9982,0,6.417,0.916,Pedestrian
9983,0,6.537,0.878,Pedestrian
9984,0,6.657,0.850,Pedestrian
9985,0,6.762,0.876,Pedestrian
9986,0,6.874,0.899,Pedestrian
9987,0,6.974,0.818,Pedestrian
9988,0,7.051,0.781,Pedestrian
9989,0,7.152,0.829,Pedestrian
9992,0,7.518,0.784,Pedestrian
9993,0,7.605,0.846,Pedestrian
9994,0,7.710,0.856,Pedestrian
9995,0,7.862,0.823,Pedestrian
9996,0,7.970,0.792,Pedestrian
9997,0,8.072,0.895,Pedestrian
9998,0,8.182,0.901,Pedestrian
9999,0,8.256,0.966,Pedestrian
10000,0,8.372,0.825,Pedestrian
10001,0,8.522,0.928,Pedestrian
10002,0,8.634,0.823,Pedestrian
10003,0,8.740,0.955,Pedestrian
10004,0,8.909,0.920,Pedestrian
10005,0,9.005,0.922,Pedestrian
10006,0,9.106,0.896,Pedestrian
10007,0,9.218,0.877,Pedestrian
10008,0,9.324,0.888,Pedestrian
10009,0,9.431,0.945,Pedestrian
10010,0,9.533,0.870,Pedestrian
10011,0,9.680,0.913,Pedestrian
10012,0,9.771,0.851,Pedestrian
10013,0,9.863,0.805,Pedestrian
10014,0,9.946,0.931,Pedestrian
10015,0,10.036,0.927,Pedestrian
10016,0,10.147,0.862,Pedestrian
10017,0,10.224,0.710,Pedestrian
10019,0,10.354,0.960,Pedestrian
10020,0,10.413,0.881,Pedestrian
10021,0,10.476,0.920,Pedestrian
10022,0,10.561,0.862,Pedestrian
10023,0,10.596,0.842,Pedestrian
10024,0,10.605,0.910,Pedestrian
10025,0,10.672,0.791,Pedestrian
10026,0,10.566,0.971,Pedestrian
10027,0,10.514,0.978,Pedestrian
10028,0,10.465,0.957,Pedestrian
10029,0,10.431,0.828,Pedestrian
10030,0,10.390,0.780,Pedestrian
10031,0,10.330,0.955,Pedestrian
10032,0,10.286,0.940,Pedestrian
10033,0,10.173,0.828,Pedestrian
10034,0,10.135,0.929,Pedestrian
10035,0,10.253,0.944,Pedestrian
10036,0,10.180,0.962,Pedestrian
10037,0,10.108,0.970,Pedestrian
10038,0,10.103,0.962,Pedestrian
10039,0,10.083,0.964,Pedestrian
10040,0,10.070,0.974,Pedestrian
10041,0,9.955,0.939,Pedestrian
10042,0,9.983,0.957,Pedestrian
10043,0,9.955,0.835,Pedestrian
10044,0,9.941,0.741,Pedestrian
10045,0,9.951,0.833,Pedestrian
10046,0,9.931,0.863,Pedestrian
10047,0,9.884,0.812,Pedestrian
10048,0,9.924,0.823,Pedestrian
10049,0,9.923,0.806,Pedestrian
10050,0,9.932,0.800,Pedestrian
10051,0,9.963,0.827,Pedestrian
10052,0,9.977,0.927,Pedestrian
10053,0,9.981,0.866,Pedestrian
10054,0,9.961,0.932,Pedestrian
10055,0,9.932,0.937,Pedestrian
10056,0,9.936,0.919,Pedestrian
10057,0,9.923,0.931,Pedestrian
10058,0,9.900,0.939,Pedestrian
10059,0,9.897,0.861,Pedestrian
10060,0,9.889,0.883,Pedestrian
10061,0,9.919,0.913,Pedestrian
10062,0,9.920,0.855,Pedestrian
10063,0,9.890,0.876,Pedestrian
10064,0,9.903,0.915,Pedestrian
10065,0,9.917,0.876,Pedestrian
10066,0,9.910,0.911,Pedestrian
10067,0,9.897,0.840,Pedestrian
10068,0,9.900,0.877,Pedestrian
10069,0,9.910,0.928,Pedestrian
10070,0,9.902,0.860,Pedestrian
10071,0,9.918,0.911,Pedestrian
10072,0,9.923,0.911,Pedestrian
10073,0,9.894,0.901,Pedestrian
10074,0,9.922,0.876,Pedestrian
10075,0,9.885,0.893,Pedestrian
10076,0,9.885,0.889,Pedestrian
10077,0,9.893,0.888,Pedestrian
10078,0,9.882,0.844,Pedestrian
10079,0,9.914,0.913,Pedestrian
10080,0,9.897,0.864,Pedestrian
10081,0,9.885,0.912,Pedestrian
10082,0,9.902,0.862,Pedestrian
10083,0,9.887,0.917,Pedestrian
10084,0,9.901,0.814,Pedestrian
10085,0,9.895,0.905,Pedestrian
10086,0,9.908,0.880,Pedestrian
10087,0,9.926,0.780,Pedestrian
10088,0,9.916,0.843,Pedestrian
10089,0,9.923,0.875,Pedestrian
10090,0,9.885,0.919,Pedestrian
10091,0,9.921,0.891,Pedestrian
10092,0,9.908,0.891,Pedestrian
10093,0,9.906,0.879,Pedestrian
10094,0,9.930,0.830,Pedestrian
10095,0,9.930,0.877,Pedestrian
10096,0,9.943,0.872,Pedestrian
10098,0,10.013,0.806,Pedestrian
10099,0,10.102,0.702,Pedestrian
10104,0,10.525,0.787,Pedestrian
10105,0,10.600,0.745,Pedestrian
10107,0,10.867,0.724,Pedestrian
10110,0,11.068,0.930,Pedestrian
10111,0,11.154,0.902,Pedestrian
10112,0,11.170,0.911,Pedestrian
10113,0,11.264,0.961,Pedestrian
10114,0,11.373,0.901,Pedestrian
10115,0,11.473,0.949,Pedestrian
10116,0,11.560,0.933,Pedestrian
10117,0,11.579,0.945,Pedestrian
10118,0,11.684,0.922,Pedestrian
10119,0,11.755,0.914,Pedestrian
10120,0,11.812,0.809,Pedestrian
10121,0,11.951,0.952,Pedestrian
10122,0,12.045,0.893,Pedestrian
10123,0,12.094,0.911,Pedestrian
10124,0,12.161,0.912,Pedestrian
10125,0,12.242,0.868,Pedestrian
10126,0,12.379,0.872,Pedestrian
10127,0,12.451,0.856,Pedestrian
10128,0,12.535,0.838,Pedestrian
10132,0,12.881,0.900,Pedestrian
10133,0,12.982,0.730,Pedestrian
10139,0,13.340,0.913,Pedestrian
10140,0,13.483,0.931,Pedestrian
10145,0,13.868,0.876,Pedestrian
10146,0,13.991,0.808,Pedestrian
10150,0,14.277,0.894,Pedestrian
10151,0,14.297,0.850,Pedestrian
10152,0,14.376,0.831,Pedestrian
10153,0,14.426,0.881,Pedestrian
10154,0,14.507,0.871,Pedestrian
10158,0,14.828,0.794,Pedestrian
10159,0,14.888,0.728,Pedestrian
10160,0,14.995,0.739,Pedestrian
10161,0,15.046,0.855,Pedestrian
10162,0,15.149,0.776,Pedestrian
10163,0,15.202,0.723,Pedestrian
10164,0,15.273,0.834,Pedestrian
10165,0,15.317,0.775,Pedestrian
10166,0,15.346,0.837,Pedestrian
10167,0,15.422,0.854,Pedestrian
10168,0,15.506,0.806,Pedestrian
10170,0,15.670,0.754,Pedestrian
10171,0,15.726,0.799,Pedestrian
10173,0,15.735,0.786,Pedestrian
10174,0,15.715,0.863,Pedestrian
10175,0,15.738,0.822,Pedestrian
10188,0,15.689,0.740,Pedestrian
10189,0,15.669,0.873,Pedestrian
10190,0,15.698,0.764,Pedestrian
10191,0,15.673,0.829,Pedestrian
10192,0,15.653,0.945,Pedestrian
10198,0,15.421,0.708,Pedestrian
10199,0,15.306,0.828,Pedestrian
10200,0,15.296,0.849,Pedestrian
10201,0,15.245,0.908,Pedestrian
10202,0,15.193,0.930,Pedestrian
10203,0,15.198,0.855,Pedestrian
10204,0,15.138,0.821,Pedestrian
10206,0,15.060,0.738,Pedestrian
10208,0,14.963,0.872,Pedestrian
10211,0,14.947,0.813,Pedestrian
10212,0,14.944,0.801,Pedestrian
10213,0,14.963,0.729,Pedestrian
10214,0,14.993,0.754,Pedestrian
10215,0,15.012,0.823,Pedestrian
10217,0,15.029,0.786,Pedestrian
10218,0,15.037,0.848,Pedestrian
10220,0,15.023,0.809,Pedestrian
10221,0,15.030,0.903,Pedestrian
10222,0,15.083,0.748,Pedestrian
10223,0,15.041,0.887,Pedestrian
10224,0,15.073,0.875,Pedestrian
10225,0,15.046,0.906,Pedestrian
10226,0,15.064,0.907,Pedestrian
10227,0,15.059,0.886,Pedestrian
10228,0,15.051,0.911,Pedestrian
10229,0,15.072,0.907,Pedestrian
10230,0,15.056,0.891,Pedestrian
10231,0,15.059,0.908,Pedestrian
10232,0,15.057,0.907,Pedestrian
10233,0,15.050,0.900,Pedestrian
10234,0,15.045,0.911,Pedestrian
10235,0,15.057,0.906,Pedestrian
10236,0,15.032,0.839,Pedestrian
10237,0,15.067,0.893,Pedestrian
10238,0,15.096,0.813,Pedestrian
10240,0,15.127,0.785,Pedestrian
10241,0,15.176,0.783,Pedestrian
10242,0,15.305,0.753,Pedestrian
10243,0,15.365,0.749,Pedestrian
10245,0,15.556,0.837,Pedestrian
10246,0,15.641,0.817,Pedestrian
10248,0,15.822,0.843,Pedestrian
10249,0,15.951,0.823,Pedestrian
10250,0,16.050,0.878,Pedestrian
10251,0,16.187,0.755,Pedestrian
10252,0,16.260,0.713,Pedestrian
10253,0,16.439,0.734,Pedestrian
10254,0,16.555,0.811,Pedestrian
10255,0,16.679,0.769,Pedestrian
10256,0,16.744,0.870,Pedestrian
10257,0,16.889,0.815,Pedestrian
10258,0,16.988,0.827,Pedestrian
10259,0,17.123,0.824,Pedestrian
10260,0,17.182,0.914,Pedestrian
10261,0,17.335,0.847,Pedestrian
10262,0,17.391,0.833,Pedestrian
10263,0,17.489,0.891,Pedestrian
10264,0,17.633,0.919,Pedestrian
10265,0,17.821,0.894,Pedestrian
10266,0,17.941,0.883,Pedestrian
10267,0,18.033,0.884,Pedestrian
10268,0,18.113,0.808,Pedestrian
10269,0,18.260,0.721,Pedestrian
10270,0,18.345,0.706,Pedestrian
10271,0,18.479,0.945,Pedestrian
10272,0,18.562,0.954,Pedestrian
10273,0,18.655,0.905,Pedestrian
10274,0,18.705,0.905,Pedestrian
10275,0,18.807,0.787,Pedestrian
10276,0,18.921,0.896,Pedestrian
10277,0,19.012,0.906,Pedestrian
10278,0,19.119,0.887,Pedestrian
10280,0,19.328,0.848,Pedestrian
10281,0,19.412,0.827,Pedestrian
10283,0,19.498,0.716,Pedestrian
10284,0,19.515,0.843,Pedestrian
10286,0,19.653,0.868,Pedestrian
10287,0,19.716,0.742,Pedestrian
10288,0,19.804,0.796,Pedestrian
10289,0,19.834,0.775,Pedestrian
10290,0,19.878,0.895,Pedestrian
10291,0,19.945,0.930,Pedestrian
10292,0,19.950,0.949,Pedestrian
10293,0,19.964,0.937,Pedestrian
10294,0,20.002,0.933,Pedestrian
10295,0,20.012,0.944,Pedestrian
10296,0,20.063,0.928,Pedestrian
10297,0,20.057,0.769,Pedestrian
10298,0,20.057,0.852,Pedestrian
10299,0,20.075,0.883,Pedestrian
10300,0,20.074,0.833,Pedestrian
10301,0,20.073,0.911,Pedestrian
10302,0,20.088,0.909,Pedestrian
10303,0,20.056,0.748,Pedestrian
10304,0,20.060,0.926,Pedestrian
10305,0,20.069,0.904,Pedestrian
10306,0,20.068,0.924,Pedestrian
10307,0,20.066,0.933,Pedestrian
10308,0,20.055,0.898,Pedestrian
10309,0,20.069,0.834,Pedestrian
10310,0,20.058,0.940,Pedestrian
10311,0,20.060,0.839,Pedestrian
10312,0,20.065,0.780,Pedestrian
10313,0,20.064,0.827,Pedestrian
10314,0,20.054,0.827,Pedestrian
10315,0,20.058,0.948,Pedestrian
10316,0,20.067,0.939,Pedestrian
10317,0,20.056,0.937,Pedestrian
10318,0,20.051,0.939,Pedestrian
10319,0,20.024,0.935,Pedestrian
10320,0,19.996,0.943,Pedestrian
10321,0,19.986,0.929,Pedestrian
10322,0,19.974,0.944,Pedestrian
10323,0,19.926,0.789,Pedestrian
10324,0,19.845,0.848,Pedestrian
10325,0,19.803,0.905,Pedestrian
10326,0,19.797,0.897,Pedestrian
10327,0,19.716,0.926,Pedestrian
10328,0,19.684,0.886,Pedestrian
10330,0,19.590,0.848,Pedestrian
10331,0,19.522,0.931,Pedestrian
10332,0,19.430,0.889,Pedestrian
10335,0,19.147,0.733,Pedestrian
10336,0,19.034,0.871,Pedestrian
10337,0,18.942,0.900,Pedestrian
10338,0,18.844,0.834,Pedestrian
10339,0,18.769,0.754,Pedestrian
10340,0,18.656,0.726,Pedestrian
10341,0,18.559,0.873,Pedestrian
10342,0,18.456,0.924,Pedestrian
10343,0,18.331,0.728,Pedestrian
10344,0,18.194,0.830,Pedestrian
10345,0,18.070,0.842,Pedestrian
10346,0,17.919,0.780,Pedestrian
10347,0,17.787,0.823,Pedestrian
10348,0,17.712,0.876,Pedestrian
10349,0,17.509,0.893,Pedestrian
10350,0,17.464,0.857,Pedestrian
10351,0,17.337,0.729,Pedestrian
10352,0,17.202,0.723,Pedestrian
10353,0,17.108,0.851,Pedestrian
10354,0,17.049,0.808,Pedestrian
10355,0,16.934,0.821,Pedestrian
10356,0,16.803,0.848,Pedestrian
10357,0,16.712,0.860,Pedestrian
10358,0,16.587,0.906,Pedestrian
10359,0,16.487,0.869,Pedestrian
10360,0,16.426,0.829,Pedestrian
10361,0,16.303,0.918,Pedestrian
10362,0,16.185,0.832,Pedestrian
10363,0,16.150,0.820,Pedestrian
10367,0,15.831,0.935,Pedestrian
10368,0,15.799,0.890,Pedestrian
10369,0,15.709,0.916,Pedestrian
10373,0,15.470,0.755,Pedestrian
10377,0,15.375,0.844,Pedestrian
10378,0,15.338,0.750,Pedestrian
10379,0,15.327,0.748,Pedestrian
10380,0,15.269,0.811,Pedestrian
10381,0,15.240,0.823,Pedestrian
10383,0,15.177,0.773,Pedestrian
10386,0,15.010,0.849,Pedestrian
10387,0,14.975,0.910,Pedestrian
10388,0,14.973,0.848,Pedestrian
10389,0,14.961,0.833,Pedestrian
10390,0,14.942,0.823,Pedestrian
10391,0,14.962,0.882,Pedestrian
10392,0,14.930,0.901,Pedestrian
10393,0,14.918,0.911,Pedestrian
10394,0,14.904,0.917,Pedestrian
10395,0,14.910,0.908,Pedestrian
10396,0,14.939,0.871,Pedestrian
10397,0,14.971,0.914,Pedestrian
10398,0,14.939,0.906,Pedestrian
10399,0,14.934,0.893,Pedestrian
10400,0,14.940,0.915,Pedestrian
10401,0,14.945,0.895,Pedestrian
10402,0,14.923,0.878,Pedestrian
10403,0,14.958,0.854,Pedestrian
10404,0,14.938,0.912,Pedestrian
10405,0,14.956,0.902,Pedestrian
10406,0,14.998,0.921,Pedestrian
10407,0,14.934,0.916,Pedestrian
10408,0,14.942,0.907,Pedestrian
10409,0,14.928,0.909,Pedestrian
10410,0,14.939,0.909,Pedestrian
10411,0,14.947,0.893,Pedestrian
10412,0,14.929,0.890,Pedestrian
10413,0,14.934,0.911,Pedestrian
10414,0,14.941,0.921,Pedestrian
10415,0,14.945,0.869,Pedestrian
10416,0,14.906,0.897,Pedestrian
10417,0,14.926,0.896,Pedestrian
10418,0,14.925,0.897,Pedestrian
10419,0,14.940,0.882,Pedestrian
10420,0,14.936,0.915,Pedestrian
10421,0,14.937,0.912,Pedestrian
10422,0,14.902,0.871,Pedestrian
10423,0,14.935,0.910,Pedestrian
10424,0,14.917,0.921,Pedestrian
10425,0,14.918,0.919,Pedestrian
10426,0,14.916,0.890,Pedestrian
10427,0,14.905,0.920,Pedestrian
10428,0,14.857,0.923,Pedestrian
10429,0,14.808,0.911,Pedestrian
10430,0,14.756,0.919,Pedestrian
10431,0,14.691,0.921,Pedestrian
10432,0,14.621,0.894,Pedestrian
10433,0,14.551,0.744,Pedestrian
10440,0,13.873,0.855,Pedestrian
10442,0,13.667,0.878,Pedestrian
10443,0,13.538,0.756,Pedestrian
10444,0,13.413,0.794,Pedestrian
10445,0,13.267,0.714,Pedestrian
10446,0,13.153,0.862,Pedestrian
10447,0,13.059,0.820,Pedestrian
10449,0,12.855,0.884,Pedestrian
10450,0,12.766,0.807,Pedestrian
10451,0,12.670,0.798,Pedestrian
10453,0,12.431,0.875,Pedestrian
10454,0,12.347,0.881,Pedestrian
10455,0,12.236,0.856,Pedestrian
10456,0,12.126,0.879,Pedestrian
10457,0,12.048,0.845,Pedestrian
10458,0,11.949,0.773,Pedestrian
10459,0,11.831,0.872,Pedestrian
10460,0,11.753,0.937,Pedestrian
10461,0,11.654,0.878,Pedestrian
10462,0,11.571,0.898,Pedestrian
10463,0,11.466,0.805,Pedestrian
10464,0,11.313,0.854,Pedestrian
10465,0,11.227,0.889,Pedestrian
10466,0,11.176,0.916,Pedestrian
10467,0,11.119,0.819,Pedestrian
10468,0,11.041,0.878,Pedestrian
10469,0,10.977,0.928,Pedestrian
10470,0,10.910,0.857,Pedestrian
10471,0,10.805,0.877,Pedestrian
10472,0,10.734,0.840,Pedestrian
10473,0,10.658,0.773,Pedestrian
10474,0,10.576,0.815,Pedestrian
10475,0,10.479,0.719,Pedestrian
10476,0,10.383,0.772,Pedestrian
10477,0,10.310,0.830,Pedestrian
10478,0,10.214,0.841,Pedestrian
10479,0,10.132,0.927,Pedestrian
10480,0,10.088,0.908,Pedestrian
10481,0,10.010,0.942,Pedestrian
10482,0,9.974,0.899,Pedestrian
10483,0,10.013,0.949,Pedestrian
10484,0,9.996,0.859,Pedestrian
10485,0,10.006,0.896,Pedestrian
10486,0,9.986,0.783,Pedestrian
10487,0,9.997,0.808,Pedestrian
10488,0,10.019,0.782,Pedestrian
10489,0,10.040,0.813,Pedestrian
10490,0,10.038,0.865,Pedestrian
10491,0,10.070,0.848,Pedestrian
10492,0,10.131,0.873,Pedestrian
10493,0,10.170,0.877,Pedestrian
10494,0,10.176,0.876,Pedestrian
10495,0,10.214,0.867,Pedestrian
10496,0,10.287,0.826,Pedestrian
10497,0,10.300,0.723,Pedestrian
10498,0,10.359,0.878,Pedestrian
10499,0,10.420,0.918,Pedestrian
10500,0,10.512,0.852,Pedestrian
10501,0,10.582,0.889,Pedestrian
10502,0,10.583,0.756,Pedestrian
10503,0,10.670,0.837,Pedestrian
10504,0,10.680,0.872,Pedestrian
10505,0,10.705,0.797,Pedestrian
10506,0,10.724,0.823,Pedestrian
10507,0,10.765,0.733,Pedestrian
10508,0,10.735,0.787,Pedestrian
10509,0,10.763,0.706,Pedestrian
10510,0,10.756,0.777,Pedestrian
10511,0,10.792,0.781,Pedestrian
10512,0,10.828,0.893,Pedestrian
10513,0,10.815,0.936,Pedestrian
10514,0,10.744,0.870,Pedestrian
10515,0,10.717,0.835,Pedestrian
10516,0,10.661,0.863,Pedestrian
10517,0,10.578,0.854,Pedestrian
10518,0,10.497,0.787,Pedestrian
10519,0,10.433,0.822,Pedestrian
10520,0,10.343,0.740,Pedestrian
10521,0,10.251,0.709,Pedestrian
10522,0,10.126,0.810,Pedestrian
10523,0,10.038,0.857,Pedestrian
10524,0,9.947,0.898,Pedestrian
10525,0,9.871,0.925,Pedestrian
10526,0,9.741,0.759,Pedestrian
10527,0,9.733,0.870,Pedestrian
10531,0,9.501,0.748,Pedestrian
10532,0,9.416,0.799,Pedestrian
10533,0,9.315,0.817,Pedestrian
10534,0,9.232,0.834,Pedestrian
10535,0,9.187,0.892,Pedestrian
10536,0,9.097,0.860,Pedestrian
10537,0,9.105,0.866,Pedestrian
10538,0,9.100,0.885,Pedestrian
10539,0,9.147,0.883,Pedestrian
10540,0,9.165,0.766,Pedestrian
10541,0,9.206,0.755,Pedestrian
10542,0,9.234,0.858,Pedestrian
10543,0,9.254,0.836,Pedestrian
10544,0,9.237,0.802,Pedestrian
10545,0,9.232,0.786,Pedestrian
10546,0,9.269,0.746,Pedestrian
10547,0,9.242,0.736,Pedestrian
10548,0,9.260,0.759,Pedestrian
10550,0,9.267,0.741,Pedestrian
10551,0,9.264,0.769,Pedestrian
10552,0,9.255,0.799,Pedestrian
10554,0,9.270,0.772,Pedestrian
10558,0,9.263,0.763,Pedestrian
10563,0,9.309,0.805,Pedestrian
10564,0,9.300,0.730,Pedestrian
10567,0,9.278,0.828,Pedestrian
10569,0,9.316,0.775,Pedestrian
10571,0,9.341,0.902,Pedestrian
10572,0,9.337,0.891,Pedestrian
10573,0,9.349,0.922,Pedestrian
10574,0,9.386,0.909,Pedestrian
10575,0,9.415,0.853,Pedestrian
10576,0,9.519,0.905,Pedestrian
10577,0,9.541,0.887,Pedestrian
10578,0,9.631,0.879,Pedestrian
10579,0,9.703,0.829,Pedestrian
10580,0,9.774,0.839,Pedestrian
10581,0,9.840,0.823,Pedestrian
10582,0,9.879,0.879,Pedestrian
10583,0,9.944,0.872,Pedestrian
10584,0,9.988,0.834,Pedestrian
10585,0,9.998,0.777,Pedestrian
10586,0,9.993,0.744,Pedestrian
10587,0,9.975,0.741,Pedestrian
10588,0,10.029,0.850,Pedestrian
10589,0,9.998,0.874,Pedestrian
10590,0,10.035,0.881,Pedestrian
10591,0,9.990,0.944,Pedestrian
10592,0,9.985,0.940,Pedestrian
10593,0,9.989,0.902,Pedestrian
10594,0,9.990,0.928,Pedestrian
10595,0,9.988,0.938,Pedestrian
10596,0,9.985,0.912,Pedestrian
10597,0,9.964,0.918,Pedestrian
10598,0,9.975,0.896,Pedestrian
10599,0,9.967,0.923,Pedestrian
10600,0,9.960,0.760,Pedestrian
10601,0,9.955,0.918,Pedestrian
10602,0,9.975,0.931,Pedestrian
10603,0,9.976,0.838,Pedestrian
10604,0,9.978,0.844,Pedestrian
10605,0,10.025,0.922,Pedestrian
10606,0,9.981,0.876,Pedestrian
10607,0,9.974,0.882,Pedestrian
10608,0,9.975,0.777,Pedestrian
10609,0,9.979,0.877,Pedestrian
10610,0,9.971,0.910,Pedestrian
10611,0,9.972,0.943,Pedestrian
10612,0,9.970,0.899,Pedestrian
10613,0,9.972,0.916,Pedestrian
10614,0,9.971,0.846,Pedestrian
10615,0,9.977,0.817,Pedestrian
10616,0,9.972,0.862,Pedestrian
10617,0,9.963,0.902,Pedestrian
10618,0,9.943,0.928,Pedestrian
10619,0,9.906,0.922,Pedestrian
10620,0,9.869,0.910,Pedestrian
10621,0,9.823,0.906,Pedestrian
10622,0,9.768,0.837,Pedestrian
10623,0,9.720,0.815,Pedestrian
10624,0,9.615,0.859,Pedestrian
10625,0,9.503,0.868,Pedestrian
10626,0,9.432,0.867,Pedestrian
10627,0,9.401,0.882,Pedestrian
10628,0,9.182,0.893,Pedestrian
10629,0,9.127,0.784,Pedestrian
10630,0,9.033,0.848,Pedestrian
10631,0,8.952,0.823,Pedestrian
10632,0,8.834,0.907,Pedestrian
10633,0,8.746,0.804,Pedestrian
10634,0,8.662,0.779,Pedestrian
10635,0,8.499,0.851,Pedestrian
10637,0,8.234,0.763,Pedestrian
10639,0,8.062,0.834,Pedestrian
10640,0,7.942,0.878,Pedestrian
10641,0,7.795,0.884,Pedestrian
10642,0,7.697,0.926,Pedestrian
10643,0,7.541,0.908,Pedestrian
10644,0,7.464,0.944,Pedestrian
10645,0,7.323,0.941,Pedestrian
10646,0,7.214,0.902,Pedestrian
10647,0,7.090,0.921,Pedestrian
10648,0,6.991,0.876,Pedestrian
10649,0,6.909,0.884,Pedestrian
10650,0,6.856,0.891,Pedestrian
10651,0,6.744,0.820,Pedestrian
10652,0,6.668,0.773,Pedestrian
10653,0,6.622,0.799,Pedestrian
10654,0,6.519,0.807,Pedestrian
10655,0,6.432,0.913,Pedestrian
10656,0,6.362,0.917,Pedestrian
10657,0,6.269,0.801,Pedestrian
10658,0,6.228,0.781,Pedestrian
10659,0,6.116,0.862,Pedestrian
10660,0,6.004,0.880,Pedestrian
10661,0,5.896,0.922,Pedestrian
10662,0,5.839,0.925,Pedestrian
10663,0,5.719,0.955,Pedestrian
10664,0,5.668,0.954,Pedestrian
10665,0,5.562,0.798,Pedestrian
10666,0,5.485,0.845,Pedestrian
10667,0,5.416,0.916,Pedestrian
10668,0,5.338,0.919,Pedestrian
10669,0,5.312,0.917,Pedestrian
10670,0,5.288,0.948,Pedestrian
10671,0,5.217,0.897,Pedestrian
10672,0,5.214,0.838,Pedestrian
10673,0,5.188,0.944,Pedestrian
10674,0,5.169,0.952,Pedestrian
10675,0,5.176,0.896,Pedestrian
10676,0,5.164,0.841,Pedestrian
10677,0,5.147,0.830,Pedestrian
10678,0,5.135,0.835,Pedestrian
10679,0,5.139,0.850,Pedestrian
10680,0,5.136,0.868,Pedestrian
10681,0,5.147,0.874,Pedestrian
10682,0,5.138,0.825,Pedestrian
10683,0,5.125,0.835,Pedestrian
10684,0,5.095,0.858,Pedestrian
10685,0,5.095,0.890,Pedestrian
10686,0,5.069,0.896,Pedestrian
10687,0,5.078,0.859,Pedestrian
10688,0,5.031,0.928,Pedestrian
10689,0,5.015,0.848,Pedestrian
10690,0,5.037,0.915,Pedestrian
10691,0,5.064,0.938,Pedestrian
10692,0,5.088,0.948,Pedestrian
10693,0,5.097,0.954,Pedestrian
10694,0,5.087,0.955,Pedestrian
10695,0,5.100,0.956,Pedestrian
10696,0,5.095,0.930,Pedestrian
10697,0,5.103,0.912,Pedestrian
10698,0,5.114,0.930,Pedestrian
10699,0,5.105,0.936,Pedestrian
10700,0,5.132,0.941,Pedestrian
10701,0,5.134,0.902,Pedestrian
10702,0,5.152,0.942,Pedestrian
10703,0,5.136,0.945,Pedestrian
10704,0,5.140,0.896,Pedestrian
10705,0,5.134,0.957,Pedestrian
10706,0,5.126,0.967,Pedestrian
10707,0,5.128,0.897,Pedestrian
10708,0,5.125,0.896,Pedestrian
10709,0,5.133,0.881,Pedestrian
10710,0,5.136,0.883,Pedestrian
10711,0,5.117,0.962,Pedestrian
10712,0,5.132,0.955,Pedestrian
10713,0,5.140,0.857,Pedestrian
10714,0,5.135,0.970,Pedestrian
10715,0,5.128,0.944,Pedestrian
10716,0,5.120,0.955,Pedestrian
10717,0,5.128,0.957,Pedestrian
10718,0,5.118,0.931,Pedestrian
10719,0,5.103,0.973,Pedestrian
10720,0,5.075,0.946,Pedestrian
10721,0,5.071,0.952,Pedestrian
10722,0,5.037,0.962,Pedestrian
10723,0,4.940,0.825,Pedestrian
10724,0,4.911,0.955,Pedestrian
10725,0,4.855,0.966,Pedestrian
10726,0,4.750,0.856,Pedestrian
10727,0,4.711,0.848,Pedestrian
10728,0,4.668,0.916,Pedestrian
10729,0,4.607,0.896,Pedestrian
10730,0,4.558,0.943,Pedestrian
10731,0,4.450,0.885,Pedestrian
10732,0,4.348,0.931,Pedestrian
10733,0,4.241,0.915,Pedestrian
10734,0,4.122,0.833,Pedestrian
10735,0,4.001,0.863,Pedestrian
10736,0,3.888,0.808,Pedestrian
10737,0,3.796,0.836,Pedestrian
10738,0,3.680,0.706,Pedestrian
10739,0,3.564,0.869,Pedestrian
10740,0,3.480,0.707,Pedestrian
10741,0,3.403,0.788,Pedestrian
10742,0,3.283,0.817,Pedestrian
