31101,0,20.133,0.974,Pedestrian
31101,1,4.197,0.923,Pedestrian
31105,0,4.519,0.914,Pedestrian
31105,1,20.104,0.895,Pedestrian
31106,0,4.587,0.947,Pedestrian
31106,1,20.124,0.884,Pedestrian
31107,0,4.703,0.973,Pedestrian
31107,1,20.103,0.927,Pedestrian
31108,0,4.745,0.955,Pedestrian
31108,1,20.057,0.831,Pedestrian
31109,0,4.889,0.958,Pedestrian
31109,1,20.053,0.844,Pedestrian
31110,0,4.956,0.976,Pedestrian
31110,1,20.033,0.943,Pedestrian
31111,0,5.019,0.973,Pedestrian
31111,1,20.018,0.823,Pedestrian
31112,0,5.014,0.973,Pedestrian
31112,1,20.007,0.829,Pedestrian
31113,0,5.135,0.949,Pedestrian
31114,0,5.248,0.976,Pedestrian
31115,0,5.277,0.934,Pedestrian
31115,1,20.020,0.774,Pedestrian
31116,0,5.309,0.902,Pedestrian
31116,1,20.021,0.770,Pedestrian
31117,0,5.393,0.907,Pedestrian
31117,1,20.029,0.805,Pedestrian
31118,0,5.406,0.786,Pedestrian
31119,0,5.469,0.925,Pedestrian
31119,1,20.018,0.791,Pedestrian
31120,0,5.558,0.977,Pedestrian
31120,1,20.022,0.794,Pedestrian
31121,0,5.643,0.925,Pedestrian
31122,0,5.713,0.944,Pedestrian
31123,0,5.773,0.991,Pedestrian
31123,1,20.018,0.711,Pedestrian
31124,0,5.804,0.984,Pedestrian
31124,1,20.036,0.791,Pedestrian
31125,0,5.845,0.987,Pedestrian
31125,1,20.036,0.820,Pedestrian
31126,0,5.870,0.972,Pedestrian
31126,1,20.056,0.832,Pedestrian
31127,0,5.862,0.934,Pedestrian
31127,1,20.059,0.905,Pedestrian
31128,0,5.846,0.965,Pedestrian
31128,1,20.027,0.944,Pedestrian
31129,0,20.057,0.980,Pedestrian
31129,1,5.886,0.867,Pedestrian
31130,0,20.040,0.956,Pedestrian
31131,0,20.025,0.987,Pedestrian
31131,1,5.970,0.858,Pedestrian
31132,0,20.016,0.959,Pedestrian
31132,1,5.959,0.956,Pedestrian
31133,0,19.957,0.987,Pedestrian
31133,1,5.947,0.940,Pedestrian
31134,0,19.963,0.982,Pedestrian
31134,1,5.910,0.979,Pedestrian
31135,0,19.933,0.983,Pedestrian
31135,1,5.861,0.905,Pedestrian
31136,0,19.953,0.987,Pedestrian
31136,1,5.780,0.889,Pedestrian
31137,0,19.937,0.984,Pedestrian
31137,1,5.875,0.905,Pedestrian
31138,0,5.904,0.969,Pedestrian
31138,1,19.944,0.951,Pedestrian
31139,0,19.942,0.961,Pedestrian
31139,1,5.867,0.941,Pedestrian
31140,0,5.909,0.971,Pedestrian
31140,1,19.951,0.964,Pedestrian
31141,0,19.950,0.990,Pedestrian
31141,1,5.862,0.945,Pedestrian
31142,0,19.949,0.958,Pedestrian
31142,1,5.885,0.915,Pedestrian
31143,0,19.946,0.969,Pedestrian
31143,1,5.925,0.933,Pedestrian
31144,0,19.929,0.959,Pedestrian
31144,1,5.926,0.940,Pedestrian
31145,0,19.955,0.977,Pedestrian
31145,1,5.958,0.933,Pedestrian
31146,0,19.937,0.983,Pedestrian
31146,1,5.929,0.949,Pedestrian
31147,0,19.945,0.981,Pedestrian
31147,1,5.929,0.942,Pedestrian
31148,0,19.930,0.973,Pedestrian
31148,1,5.956,0.938,Pedestrian
31149,0,19.944,0.968,Pedestrian
31149,1,5.934,0.934,Pedestrian
31150,0,5.945,0.973,Pedestrian
31150,1,19.995,0.888,Pedestrian
31151,0,5.900,0.935,Pedestrian
31151,1,19.991,0.923,Pedestrian
31152,0,20.020,0.986,Pedestrian
31152,1,5.943,0.946,Pedestrian
31153,0,20.038,0.960,Pedestrian
31153,1,5.916,0.899,Pedestrian
31154,0,5.918,0.945,Pedestrian
31154,1,20.037,0.864,Pedestrian
31155,0,5.925,0.942,Pedestrian
31155,1,20.014,0.799,Pedestrian
31156,0,5.936,0.948,Pedestrian
31156,1,20.017,0.844,Pedestrian
31157,0,5.919,0.903,Pedestrian
31157,1,19.998,0.827,Pedestrian
31158,0,5.927,0.895,Pedestrian
31159,0,5.942,0.933,Pedestrian
31159,1,19.974,0.907,Pedestrian
31160,0,5.964,0.923,Pedestrian
31160,1,19.982,0.855,Pedestrian
31161,0,19.973,0.944,Pedestrian
31161,1,5.945,0.914,Pedestrian
31162,0,5.945,0.945,Pedestrian
31162,1,19.982,0.916,Pedestrian
31163,0,5.960,0.974,Pedestrian
31163,1,19.969,0.901,Pedestrian
31164,0,5.985,0.949,Pedestrian
31164,1,19.960,0.822,Pedestrian
31165,0,5.964,0.816,Pedestrian
31165,1,19.943,0.704,Pedestrian
31166,0,19.958,0.901,Pedestrian
31166,1,5.930,0.852,Pedestrian
31167,0,5.942,0.961,Pedestrian
31168,0,5.924,0.849,Pedestrian
31168,1,19.929,0.769,Pedestrian
31169,0,5.958,0.970,Pedestrian
31169,1,19.958,0.895,Pedestrian
31170,0,5.925,0.937,Pedestrian
31170,1,19.946,0.920,Pedestrian
31171,0,5.911,0.917,Pedestrian
31171,1,19.927,0.901,Pedestrian
31172,0,19.961,0.914,Pedestrian
31172,1,5.915,0.904,Pedestrian
31173,0,19.948,0.988,Pedestrian
31173,1,5.940,0.881,Pedestrian
31174,0,19.958,0.972,Pedestrian
31174,1,5.959,0.788,Pedestrian
31175,0,20.012,0.984,Pedestrian
31175,1,5.944,0.841,Pedestrian
31176,0,19.992,0.958,Pedestrian
31177,0,20.003,0.902,Pedestrian
31177,1,5.944,0.808,Pedestrian
31178,0,19.989,0.962,Pedestrian
31179,0,20.000,0.915,Pedestrian
31179,1,5.910,0.754,Pedestrian
31180,0,19.977,0.937,Pedestrian
31181,0,20.030,0.918,Pedestrian
31182,0,19.998,0.968,Pedestrian
31183,0,20.018,0.965,Pedestrian
31184,0,20.020,0.971,Pedestrian
31185,0,20.043,0.981,Pedestrian
31186,0,20.026,0.873,Pedestrian
31187,0,20.032,0.895,Pedestrian
31188,0,20.040,0.987,Pedestrian
31189,0,20.050,0.982,Pedestrian
31190,0,20.024,0.898,Pedestrian
31191,0,20.038,0.976,Pedestrian
31192,0,20.038,0.939,Pedestrian
31193,0,20.043,0.974,Pedestrian
31194,0,20.027,0.972,Pedestrian
31195,0,20.041,0.971,Pedestrian
31196,0,20.043,0.914,Pedestrian
